{
  "advancedEditorSelectedIdentifier" : "ProjectBrowser",
  "openSceneRelativePaths" : [
    "WhiteMyth.usda"
  ],
  "recentIdentifiers" : {
    "BD5A1786-3368-4FBD-B73C-7180B58F78D9" : [

    ]
  },
  "sceneCameraHistory" : {
    "BD5A1786-3368-4FBD-B73C-7180B58F78D9" : [
      {
        "date" : 756651696.969755,
        "title" : "Untitled",
        "transform" : [
          0.56652635,
          3.1435432e-06,
          -0.8240436,
          0,
          0.012815737,
          0.999879,
          0.0088146,
          0,
          0.8239439,
          -0.015554358,
          0.56645775,
          0,
          -1.525883,
          0.7906252,
          0.15082975,
          1
        ]
      },
      {
        "date" : 756651690.08799,
        "title" : "Untitled",
        "transform" : [
          0.68581927,
          3.140763e-06,
          -0.7277718,
          0,
          -0.17891751,
          0.96931034,
          -0.16859959,
          0,
          0.7054363,
          0.24584006,
          0.66477233,
          0,
          -1.5438416,
          0.8187345,
          0.15719369,
          1
        ]
      },
      {
        "date" : 756651682.703161,
        "title" : "Untitled",
        "transform" : [
          0.71447295,
          3.1263612e-06,
          -0.69966304,
          0,
          -0.042396247,
          0.99816257,
          -0.043289173,
          0,
          0.6983774,
          0.060592078,
          0.71316034,
          0,
          -1.5416458,
          0.7989771,
          0.16524696,
          1
        ]
      },
      {
        "date" : 756651676.519887,
        "title" : "Untitled",
        "transform" : [
          0.7012985,
          3.1286304e-06,
          -0.7128678,
          0,
          -0.05950123,
          0.99651074,
          -0.058531184,
          0,
          0.7103802,
          0.083464384,
          0.69885164,
          0,
          -1.5406523,
          0.8014599,
          0.16338362,
          1
        ]
      },
      {
        "date" : 756651658.187153,
        "title" : "Untitled",
        "transform" : [
          0.7172245,
          3.1235936e-06,
          -0.6968423,
          0,
          0.065874845,
          0.9955214,
          0.06780612,
          0,
          0.6937216,
          -0.09453651,
          0.7140121,
          0,
          -1.5397103,
          0.7818227,
          0.16785353,
          1
        ]
      },
      {
        "date" : 756651656.903882,
        "title" : "Untitled",
        "transform" : [
          0.71677655,
          3.1255413e-06,
          -0.69730294,
          0,
          0.06928378,
          0.99505126,
          0.07122315,
          0,
          0.69385237,
          -0.0993628,
          0.71322924,
          0,
          -1.5396165,
          0.78128016,
          0.16784705,
          1
        ]
      },
      {
        "date" : 756651638.35436,
        "title" : "Untitled",
        "transform" : [
          0.61388457,
          3.1249087e-06,
          -0.78939587,
          0,
          0.052182958,
          0.9978125,
          0.040584747,
          0,
          0.7876692,
          -0.06610729,
          0.6125415,
          0,
          -1.5292003,
          0.7850075,
          0.15647303,
          1
        ]
      },
      {
        "date" : 756651622.103336,
        "title" : "Untitled",
        "transform" : [
          0.6103112,
          3.1270047e-06,
          -0.7921617,
          0,
          0.07902808,
          0.99501103,
          0.060890134,
          0,
          0.7882099,
          -0.09976488,
          0.6072661,
          0,
          -1.5285144,
          0.7812349,
          0.15636584,
          1
        ]
      },
      {
        "date" : 756651613.195326,
        "title" : "Untitled",
        "transform" : [
          0.6171589,
          3.1356783e-06,
          -0.7868385,
          0,
          -0.060234096,
          0.9970658,
          -0.04724081,
          0,
          0.7845297,
          0.07654967,
          0.6153482,
          0,
          -1.5321168,
          0.8007105,
          0.15477416,
          1
        ]
      },
      {
        "date" : 756651608.086893,
        "title" : "Untitled",
        "transform" : [
          0.77513623,
          3.1312022e-06,
          -0.6317941,
          0,
          -0.0047136704,
          0.9999722,
          -0.005778155,
          0,
          0.63177645,
          0.007457013,
          0.7751147,
          0,
          -1.5484037,
          0.79316294,
          0.1726188,
          1
        ]
      }
    ]
  },
  "sceneViewportBackgroundColors" : {

  },
  "selectedSceneRelativePath" : "WhiteMyth.usda"
}